-1.0	1.5553461889498252
-0.9	1.6142647976142432
-0.8	1.6386995170273917
-0.7000000000000001	1.6729329723784827
-0.6000000000000001	1.7045396128914703
-0.5000000000000001	1.7408970259005359
-0.40000000000000013	1.754725428004099
-0.30000000000000016	1.816447057501581
-0.20000000000000015	1.806956072974125
-0.10000000000000014	1.8974235006984386
-1.3877787807814457E-16	1.81462279753339E-11
0.09999999999999987	-1.845179220266777
0.19999999999999987	-1.8441528975617356
0.2999999999999999	-1.7759821459416514
0.3999999999999999	-1.7474852963376117
0.4999999999999999	-1.7199516222201146
0.5999999999999999	-1.6961009009894021
0.6999999999999998	-1.6409708235741725
0.7999999999999998	-1.6552802273209355
0.8999999999999998	-1.6258222372271915
0.9999999999999998	-1.5889903198988855
