-1.0	 0.012398915701386007
-0.9	 0.016897473774063438
-0.8	 0.01714156106927809
-0.7000000000000001	 0.0219810169126676
-0.6000000000000001	 0.02306228318183909
-0.5000000000000001	 0.04364058528465389
-0.40000000000000013	 0.04627587716165223
-0.30000000000000016	 0.05354252181320263
-0.20000000000000015	 0.12073792981061636
-0.10000000000000014	 0.2122938718047388
-1.3877787807814457E-16	 3.596913139180058E-21
0.09999999999999987	 0.20527660461231537
0.19999999999999987	 0.09483303054537717
0.2999999999999999	 0.07771894754898499
0.3999999999999999	 0.05480741005222388
0.4999999999999999	 0.033359664537731155
0.5999999999999999	 0.023833177931518162
0.6999999999999998	 0.022356886978269482
0.7999999999999998	 0.017661106889775312
0.8999999999999998	 0.013753494882489125
0.9999999999999998	 0.012320160562256162
