0  6.577411377468334
1  3.355651242286699
2  6.577411377468334
3  2.7560787726123923
4  1.2835350485815455
5  3.687739233232638
6  2.897869995480951
7  2.787203099744745
8  2.0818204911315075
9  4.3868736156858645
10  6.575578097290417
11  1.091639017269129
12  8.27136504719343
13  2.787203099744745
14  4.7945561326226915
15  0.3621153892590104
16  2.1125965044510275
17  2.366741190028149
18  1.2835350485815455
19  2.166535386323881
20  2.1125965044510275
21  2.1125965044510275
22  10.021268763303741
23  1.5968690383813104
24  2.288396354643287
25  1.0212024242600743
26  1.9191090743671038
27  1.504192684609918
28  2.773174543431364
29  0.5792376622059409
30  0.7757158248876361
31  3.9411872911840957
32  2.258863426282441
33  2.013799836742061
34  0.7757158248876361
35  2.9338183353889913
36  3.9411872911840957
37  1.091639017269129
38  2.288396354643287
39  1.5270072393504193
40  4.462930424673556
41  5.74066208081344
42  1.5909219884058563
43  3.687739233232638
44  1.9191090743671038
45  4.961516768184619
46  5.384046302707991
47  1.3821799321444064
48  1.091639017269129
49  4.310126257647446
50  3.04030284388337
51  2.7560787726123923
52  3.549782083793075
53  2.0818204911315075
54  2.166535386323881
55  2.897869995480951
56  3.04030284388337
57  2.9338183353889913
58  3.687739233232638
59  2.8404453539919343
60  3.9411872911840957
61  2.9338183353889913
62  5.74066208081344
63  4.65447814217314
64  0.6312153516784417
65  2.166535386323881
66  2.1125965044510275
67  4.462930424673556
68  1.504192684609918
69  2.5206212566257493
70  4.462930424673556
71  7.5550328115462
72  3.9411872911840957
73  2.8404453539919343
74  7.3605108112850575
75  4.4263077152100685
76  2.166535386323881
77  1.2835350485815455
78  3.687739233232638
79  2.0818204911315075
80  2.366741190028149
81  2.166535386323881
82  4.961516768184619
83  6.1012912748849395
84  3.786490549201922
85  3.82885608654575
86  1.091639017269129
87  4.462930424673556
88  4.332820764629039
89  3.1959244795451314
90  3.549782083793075
91  3.549782083793075
92  3.3906096428480472
93  2.8404453539919343
94  7.3605108112850575
95  2.1125965044510275
96  2.258863426282441
97  0.26502770224345606
98  1.504192684609918
99  1.9191090743671038
100  2.366741190028149
101  1.2835350485815455
102  3.687739233232638
103  2.0818204911315075
104  12.545321973507676
105  1.805036300664597
106  1.8586483485406322
107  1.0212024242600743
108  2.787203099744745
109  1.0543196801799772
110  3.1580579068687666
111  0.5792376622059409
112  0.3749516109799257
113  2.7560787726123923
114  3.687739233232638
115  1.2835350485815455
116  1.8586483485406322
117  3.5273158428654066
118  4.961516768184619
119  1.2835350485815455
120  2.5521685935901592
121  2.0818204911315075
122  5.74066208081344
123  4.961516768184619
124  1.0212024242600743
125  4.462930424673556
126  1.0212024242600743
127  4.961516768184619
128  6.577411377468334
129  0.8783148296384005
130  1.3821799321444064
131  5.384046302707991
132  3.9411872911840957
133  2.7560787726123923
134  3.549782083793075
135  3.620340510449631
136  2.0818204911315075
137  3.3906096428480472
138  2.1125965044510275
139  3.549782083793075
140  2.0818204911315075
141  1.504192684609918
142  4.961516768184619
143  2.8404453539919343
144  3.549782083793075
145  4.65447814217314
146  1.504192684609918
147  3.620340510449631
148  1.504192684609918
149  5.365876418206122
150  1.504192684609918
151  2.258863426282441
152  5.495523795253835
153  7.682217112346027
154  2.8404453539919343
155  2.1286944714597773
156  7.919045625513782
157  4.462930424673556
158  1.5909219884058563
159  1.5270072393504193
160  4.462930424673556
161  3.5273158428654066
162  1.2835350485815455
163  3.620340510449631
164  3.9411872911840957
165  4.65447814217314
166  4.310126257647446
167  2.9338183353889913
168  1.5270072393504193
169  3.9411872911840957
170  4.7945561326226915
171  1.6653127026028147
172  2.7560787726123923
173  4.65447814217314
174  2.567843550766852
175  5.495523795253835
176  3.9411872911840957
177  3.687739233232638
178  2.8404453539919343
179  0.2538490309013345
180  1.9191090743671038
181  1.6653127026028147
182  3.620340510449631
183  0.8783148296384005
184  3.687739233232638
185  2.1125965044510275
186  10.835551819030965
187  1.5968690383813104
188  1.5909219884058563
189  1.2835350485815455
190  1.6653127026028147
191  1.0152338944686061
192  3.6603040522123163
193  0.5446164259419429
194  1.0152338944686061
195  2.8404453539919343
196  3.5273158428654066
197  1.091639017269129
198  2.013799836742061
199  3.549782083793075
200  3.355651242286699
201  1.292882905582754
202  2.366741190028149
203  1.5270072393504193
204  7.3605108112850575
205  2.787203099744745
206  2.1125965044510275
207  2.7560787726123923
208  1.8586483485406322
209  6.577411377468334
210  4.961516768184619
211  2.013799836742061
212  1.091639017269129
213  3.9411872911840957
214  3.786490549201922
215  2.366741190028149
216  5.74066208081344
217  1.504192684609918
218  2.7560787726123923
219  2.897869995480951
220  3.687739233232638
221  2.0818204911315075
222  2.366741190028149
223  3.9411872911840957
224  2.1125965044510275
225  4.3868736156858645
226  3.687739233232638
227  3.549782083793075
228  2.258863426282441
229  3.5273158428654066
230  2.258863426282441
231  2.7560787726123923
232  2.258863426282441
233  1.504192684609918
234  6.647562195533909
235  6.464324250426175
236  2.8404453539919343
237  3.355651242286699
238  4.65447814217314
239  5.351719949670304
240  1.5909219884058563
241  1.9191090743671038
242  7.3605108112850575
243  3.620340510449631
244  1.2835350485815455
245  2.787203099744745
246  3.355651242286699
247  7.3605108112850575
248  3.04030284388337
249  2.0818204911315075
250  1.5909219884058563
251  7.3605108112850575
252  1.805036300664597
253  2.787203099744745
254  2.0818204911315075
255  3.687739233232638
256  5.394476916109829
257  6.396577213830336
258  3.9411872911840957
259  3.04030284388337
260  1.504192684609918
261  0.14334178377476292
262  2.166535386323881
263  1.0152338944686061
264  3.6603040522123163
265  1.5270072393504193
266  2.258863426282441
267  1.504192684609918
268  12.545321973507676
269  0.6312153516784417
270  2.366741190028149
271  1.9191090743671038
272  2.366741190028149
273  0.3956514032853753
274  2.773174543431364
275  0.5022045292240431
276  1.5968690383813104
277  3.04030284388337
278  2.166535386323881
279  1.6653127026028147
280  0.8783148296384005
281  2.787203099744745
282  5.384046302707991
283  0.8783148296384005
284  3.1136255229723657
285  1.6653127026028147
286  8.739175377384974
287  3.5273158428654066
288  2.0818204911315075
289  2.7560787726123923
290  1.9191090743671038
291  4.7945561326226915
292  3.687739233232638
293  1.6653127026028147
294  0.5792376622059409
295  3.04030284388337
296  5.384046302707991
297  1.504192684609918
298  4.4263077152100685
299  2.1125965044510275
300  3.549782083793075
301  2.897869995480951
302  4.65447814217314
303  3.620340510449631
304  1.2835350485815455
305  3.9411872911840957
306  1.504192684609918
307  5.74066208081344
308  2.7560787726123923
309  2.0818204911315075
310  3.9411872911840957
311  2.7560787726123923
312  1.0543196801799772
313  4.65447814217314
314  2.258863426282441
315  3.5273158428654066
316  6.647562195533909
317  6.396577213830336
318  2.8404453539919343
319  3.04030284388337
320  3.687739233232638
321  4.3868736156858645
322  1.9191090743671038
323  1.0152338944686061
324  6.647562195533909
325  2.7560787726123923
326  1.0212024242600743
327  3.549782083793075
328  4.65447814217314
329  7.3605108112850575
330  1.5968690383813104
331  4.3868736156858645
332  1.3821799321444064
333  4.961516768184619
334  2.8404453539919343
335  2.0818204911315075
336  3.549782083793075
337  2.258863426282441
338  6.575578097290417
339  5.495523795253835
340  3.04030284388337
341  3.04030284388337
342  1.0152338944686061
343  0.6312153516784417
344  1.2835350485815455
345  1.6653127026028147
346  4.152862571153763
347  1.2835350485815455
348  2.258863426282441
349  2.7560787726123923
350  9.322476616088409
351  0.6457201340270919
352  2.166535386323881
353  1.6653127026028147
354  1.091639017269129
355  0.5792376622059409
356  2.288396354643287
357  0.5792376622059409
358  1.5968690383813104
359  2.8404453539919343
360  3.5273158428654066
361  1.2835350485815455
362  1.8229418900390013
363  2.7560787726123923
364  6.1012912748849395
365  1.292882905582754
366  3.82885608654575
367  1.091639017269129
368  7.890221481928473
369  1.9191090743671038
370  3.687739233232638
371  2.1125965044510275
372  2.166535386323881
373  2.258863426282441
374  7.3605108112850575
375  1.2835350485815455
376  1.292882905582754
377  3.355651242286699
378  4.961516768184619
379  2.0818204911315075
380  4.3868736156858645
381  2.0818204911315075
382  3.9411872911840957
383  1.5968690383813104
384  6.1012912748849395
385  2.1125965044510275
386  1.091639017269129
387  3.549782083793075
388  2.8404453539919343
389  3.687739233232638
390  4.4263077152100685
391  2.7560787726123923
392  1.805036300664597
393  3.620340510449631
394  1.0543196801799772
395  4.462930424673556
396  3.786490549201922
397  4.4263077152100685
398  6.946291049153537
399  3.549782083793075
400  3.549782083793075
401  2.897869995480951
402  4.462930424673556
403  3.5273158428654066
404  2.773174543431364
405  1.504192684609918
406  4.65447814217314
407  3.549782083793075
408  1.5909219884058563
409  2.787203099744745
410  7.3605108112850575
411  8.27136504719343
412  1.0543196801799772
413  3.549782083793075
414  1.8229418900390013
415  7.169022388563621
416  1.504192684609918
417  3.04030284388337
418  3.1959244795451314
419  5.384046302707991
420  3.3906096428480472
421  6.464324250426175
422  2.8404453539919343
423  3.355651242286699
424  1.5270072393504193
425  2.1125965044510275
426  1.0212024242600743
427  1.0212024242600743
428  3.82885608654575
429  2.0818204911315075
430  1.2088963744032424
431  3.04030284388337
432  7.890221481928473
433  1.2835350485815455
434  1.6653127026028147
435  1.2835350485815455
436  1.5270072393504193
437  0.5022045292240431
438  3.1136255229723657
439  0.5792376622059409
440  2.7560787726123923
441  2.258863426282441
442  3.5273158428654066
443  1.6653127026028147
444  1.3821799321444064
445  2.1125965044510275
446  3.9411872911840957
447  1.8229418900390013
448  2.787203099744745
449  1.2835350485815455
450  10.237284973184686
451  1.0152338944686061
452  3.620340510449631
453  2.0818204911315075
454  2.7560787726123923
455  2.8404453539919343
456  6.1012912748849395
457  1.9191090743671038
458  0.8783148296384005
459  4.310126257647446
460  2.5206212566257493
461  2.0818204911315075
462  4.462930424673556
463  1.6653127026028147
464  6.577411377468334
465  2.1286944714597773
466  3.5273158428654066
467  2.8404453539919343
468  1.504192684609918
469  4.3868736156858645
470  2.8404453539919343
471  6.464324250426175
472  2.787203099744745
473  2.7560787726123923
474  0.3749516109799257
475  4.3868736156858645
476  1.5968690383813104
477  2.1125965044510275
478  5.384046302707991
479  3.549782083793075
480  4.462930424673556
481  4.462930424673556
482  4.65447814217314
483  3.9411872911840957
484  4.462930424673556
485  4.4263077152100685
486  2.5521685935901592
487  1.5270072393504193
488  4.65447814217314
489  2.8404453539919343
490  1.9191090743671038
491  2.1125965044510275
492  6.946291049153537
493  7.890221481928473
494  1.0543196801799772
495  3.549782083793075
496  2.013799836742061
497  5.384046302707991
498  1.0152338944686061
499  3.687739233232638
500  4.581232723246166
501  4.310126257647446
502  3.355651242286699
503  4.462930424673556
504  3.687739233232638
505  2.897869995480951
506  1.504192684609918
507  1.504192684609918
508  0.8783148296384005
509  1.091639017269129
510  2.6824379022443106
511  3.549782083793075
512  0.7322014778416852
513  4.462930424673556
514  11.626559495223496
515  1.3821799321444064
516  1.5909219884058563
517  2.166535386323881
518  0.7757158248876361
519  0.8548722647165241
520  3.1959244795451314
521  0.26502770224345606
522  2.258863426282441
523  2.1125965044510275
524  3.5273158428654066
525  1.5270072393504193
526  1.5909219884058563
527  2.1125965044510275
528  4.65447814217314
529  1.8229418900390013
530  3.1959244795451314
531  1.5270072393504193
532  8.27136504719343
533  1.091639017269129
534  4.3868736156858645
535  1.504192684609918
536  2.8404453539919343
537  2.0818204911315075
538  6.577411377468334
539  1.2835350485815455
540  0.7757158248876361
541  2.5206212566257493
542  3.687739233232638
543  2.1125965044510275
544  4.4263077152100685
545  2.0818204911315075
546  3.9411872911840957
547  3.355651242286699
548  2.7560787726123923
549  2.7560787726123923
550  3.355651242286699
551  3.82885608654575
552  2.258863426282441
553  4.961516768184619
554  3.620340510449631
555  2.8404453539919343
556  0.6312153516784417
557  4.3868736156858645
558  1.091639017269129
559  4.961516768184619
560  2.258863426282441
561  4.462930424673556
562  6.464324250426175
563  3.5273158428654066
564  6.577411377468334
565  3.687739233232638
566  3.687739233232638
567  2.9338183353889913
568  2.5521685935901592
569  2.258863426282441
570  4.65447814217314
571  3.04030284388337
572  3.1580579068687666
573  4.65447814217314
574  5.384046302707991
575  8.739175377384974
576  1.0152338944686061
577  2.166535386323881
578  3.1959244795451314
579  7.890221481928473
580  0.6457201340270919
581  2.1125965044510275
582  4.4263077152100685
583  5.9220667457432565
584  1.4789639771384013
585  5.495523795253835
586  2.8404453539919343
587  5.384046302707991
588  0.6312153516784417
589  1.5270072393504193
590  1.3821799321444064
591  1.091639017269129
592  3.1136255229723657
593  5.495523795253835
594  0.32755605287670353
595  5.74066208081344
596  8.53542306108378
597  1.2835350485815455
598  1.0212024242600743
599  2.0818204911315075
600  0.5792376622059409
601  1.9066804612371682
602  2.787203099744745
603  0.5446164259419429
604  3.687739233232638
605  1.2088963744032424
606  6.44432108574639
607  0.7757158248876361
608  3.1136255229723657
609  3.04030284388337
610  2.8404453539919343
611  2.013799836742061
612  1.5909219884058563
613  2.7560787726123923
614  6.1012912748849395
615  1.091639017269129
616  4.961516768184619
617  1.8586483485406322
618  5.74066208081344
619  2.1286944714597773
620  5.365876418206122
621  1.5909219884058563
622  0.6457201340270919
623  6.1012912748849395
624  2.8404453539919343
625  2.8404453539919343
626  2.9338183353889913
627  3.549782083793075
628  1.2088963744032424
629  3.355651242286699
630  3.687739233232638
631  1.6653127026028147
632  5.9220667457432565
633  3.5273158428654066
634  1.2835350485815455
635  7.3605108112850575
636  3.5273158428654066
637  2.7560787726123923
638  1.0543196801799772
639  5.351719949670304
640  1.091639017269129
641  3.04030284388337
642  2.258863426282441
643  4.65447814217314
644  7.682217112346027
645  2.1125965044510275
646  6.946291049153537
647  2.258863426282441
648  3.9411872911840957
649  3.1959244795451314
650  2.288396354643287
651  3.549782083793075
652  2.8404453539919343
653  3.687739233232638
654  3.6603040522123163
655  3.549782083793075
656  5.384046302707991
657  7.890221481928473
658  1.0152338944686061
659  1.5270072393504193
660  2.366741190028149
661  8.53542306108378
662  0.5792376622059409
663  3.9411872911840957
664  2.9338183353889913
665  7.890221481928473
666  0.9486785125168227
667  5.351719949670304
668  7.3605108112850575
669  3.355651242286699
670  0.7757158248876361
671  1.504192684609918
672  1.3821799321444064
673  0.7757158248876361
674  3.1959244795451314
675  3.687739233232638
676  0.32755605287670353
677  7.3605108112850575
678  5.384046302707991
679  1.5270072393504193
680  1.0212024242600743
681  1.9191090743671038
682  2.1125965044510275
683  2.605820922265331
684  3.1959244795451314
685  0.2538490309013345
686  2.8404453539919343
687  1.2088963744032424
688  5.45305438964638
689  0.6457201340270919
690  2.366741190028149
691  2.8404453539919343
692  2.258863426282441
693  2.013799836742061
694  1.6653127026028147
695  2.7560787726123923
696  6.647562195533909
697  1.091639017269129
698  4.462930424673556
699  1.5909219884058563
700  4.65447814217314
701  2.258863426282441
702  3.5273158428654066
703  1.091639017269129
704  1.0543196801799772
705  5.74066208081344
706  1.805036300664597
707  2.8404453539919343
708  2.9338183353889913
709  2.8404453539919343
710  1.5968690383813104
711  4.310126257647446
712  2.166535386323881
713  3.549782083793075
714  3.9411872911840957
715  3.5273158428654066
716  1.5270072393504193
717  5.495523795253835
718  5.74066208081344
719  1.6653127026028147
720  1.2088963744032424
721  3.549782083793075
722  1.5270072393504193
723  3.04030284388337
724  3.04030284388337
725  4.65447814217314
726  7.5550328115462
727  3.687739233232638
728  4.310126257647446
729  2.7560787726123923
730  5.74066208081344
731  2.773174543431364
732  2.366741190028149
733  4.462930424673556
734  2.258863426282441
735  2.1125965044510275
736  4.066609493393094
737  4.961516768184619
738  4.310126257647446
739  6.577411377468334
740  0.7757158248876361
741  2.787203099744745
742  2.1125965044510275
743  8.27136504719343
744  0.2538490309013345
745  4.462930424673556
746  3.1959244795451314
747  10.835551819030965
748  0.7322014778416852
749  6.464324250426175
750  4.961516768184619
751  4.7945561326226915
752  0.2538490309013345
753  1.504192684609918
754  1.3821799321444064
755  1.9191090743671038
756  2.787203099744745
757  2.787203099744745
758  1.5968690383813104
759  4.310126257647446
760  5.74066208081344
761  1.5270072393504193
762  1.5909219884058563
763  2.166535386323881
764  1.504192684609918
765  1.9066804612371682
766  1.9191090743671038
767  0.26502770224345606
768  1.5968690383813104
769  3.04030284388337
770  3.620340510449631
771  0.8783148296384005
772  4.4263077152100685
773  1.0543196801799772
774  3.687739233232638
775  2.5521685935901592
776  1.5909219884058563
777  5.74066208081344
778  5.495523795253835
779  1.504192684609918
780  2.7560787726123923
781  1.9191090743671038
782  3.04030284388337
783  3.04030284388337
784  2.8404453539919343
785  1.8229418900390013
786  3.04030284388337
787  4.7945561326226915
788  2.0818204911315075
789  3.549782083793075
790  2.166535386323881
791  4.462930424673556
792  2.258863426282441
793  5.384046302707991
794  1.2835350485815455
795  4.462930424673556
796  2.258863426282441
797  2.1125965044510275
798  2.1125965044510275
799  4.462930424673556
800  7.919045625513782
801  1.0152338944686061
802  1.0152338944686061
803  3.549782083793075
804  2.0818204911315075
805  2.8404453539919343
806  2.258863426282441
807  7.919045625513782
808  7.5550328115462
809  2.8404453539919343
810  4.310126257647446
811  2.8404453539919343
812  5.74066208081344
813  1.8586483485406322
814  2.366741190028149
815  3.687739233232638
816  2.1125965044510275
817  2.1125965044510275
818  3.5735215322131655
819  6.946291049153537
820  3.9411872911840957
821  5.384046302707991
822  2.787203099744745
823  1.6653127026028147
824  2.7560787726123923
825  7.890221481928473
826  0.5022045292240431
827  3.9411872911840957
828  2.6824379022443106
829  10.17229894493008
830  0.6312153516784417
831  7.919045625513782
832  3.687739233232638
833  5.9220667457432565
834  0.2538490309013345
835  0.7757158248876361
836  3.620340510449631
837  1.5909219884058563
838  3.82885608654575
839  2.0818204911315075
840  1.5968690383813104
841  4.332820764629039
842  3.549782083793075
843  2.1125965044510275
844  1.0212024242600743
845  2.366741190028149
846  1.0543196801799772
847  1.8229418900390013
848  1.6653127026028147
849  0.5446164259419429
850  3.687739233232638
851  3.687739233232638
852  3.1959244795451314
853  1.0212024242600743
854  2.9338183353889913
855  1.5968690383813104
856  2.0818204911315075
857  1.9191090743671038
858  0.7757158248876361
859  6.647562195533909
860  4.65447814217314
861  1.504192684609918
862  2.787203099744745
863  1.5270072393504193
864  3.549782083793075
865  3.9411872911840957
866  2.166535386323881
867  1.3821799321444064
868  3.04030284388337
869  3.9411872911840957
870  2.1125965044510275
871  3.549782083793075
872  2.1125965044510275
873  3.5273158428654066
874  2.1286944714597773
875  4.310126257647446
876  2.366741190028149
877  3.04030284388337
878  2.8404453539919343
879  2.1125965044510275
880  2.787203099744745
881  5.74066208081344
882  7.682217112346027
883  0.7757158248876361
884  1.5968690383813104
885  2.366741190028149
886  4.65447814217314
887  2.1125965044510275
888  1.805036300664597
889  6.1012912748849395
890  8.841243211353712
891  3.9411872911840957
892  4.310126257647446
893  2.8404453539919343
894  4.3868736156858645
895  2.6824379022443106
896  0.7757158248876361
897  6.464324250426175
898  1.504192684609918
899  2.166535386323881
900  3.5735215322131655
901  6.1012912748849395
902  5.384046302707991
903  4.7945561326226915
904  4.3868736156858645
905  0.7757158248876361
906  2.7560787726123923
907  6.577411377468334
908  0.5022045292240431
909  4.462930424673556
910  2.0818204911315075
911  8.53542306108378
912  0.6457201340270919
913  7.919045625513782
914  3.549782083793075
915  6.575578097290417
916  0.5446164259419429
917  1.0152338944686061
918  3.620340510449631
919  1.3821799321444064
920  2.366741190028149
921  2.1125965044510275
922  1.0543196801799772
923  8.53542306108378
924  2.8404453539919343
925  1.6653127026028147
926  1.9191090743671038
927  1.2835350485815455
928  2.1125965044510275
929  2.4506076734487525
930  0.7757158248876361
931  0.7757158248876361
932  2.8404453539919343
933  3.04030284388337
934  1.9191090743671038
935  1.0212024242600743
936  2.366741190028149
937  3.04030284388337
938  2.1125965044510275
939  2.4506076734487525
940  2.0818204911315075
941  3.687739233232638
942  6.647562195533909
943  1.5270072393504193
944  2.166535386323881
945  2.166535386323881
946  4.65447814217314
947  6.577411377468334
948  1.0212024242600743
949  1.3821799321444064
950  3.355651242286699
951  3.04030284388337
952  2.258863426282441
953  2.166535386323881
954  4.462930424673556
955  2.1125965044510275
956  3.04030284388337
957  4.310126257647446
958  1.9191090743671038
959  4.65447814217314
960  2.1125965044510275
961  4.65447814217314
962  2.166535386323881
963  5.74066208081344
964  5.495523795253835
965  0.26502770224345606
966  3.687739233232638
967  0.7757158248876361
968  5.495523795253835
969  2.1125965044510275
970  1.805036300664597
971  6.946291049153537
972  7.5550328115462
973  3.687739233232638
974  4.310126257647446
975  4.462930424673556
976  5.365876418206122
977  2.6824379022443106
978  0.7757158248876361
979  4.462930424673556
980  2.1125965044510275
981  1.5270072393504193
982  3.1136255229723657
983  5.384046302707991
984  5.384046302707991
985  5.384046302707991
986  3.549782083793075
987  1.9191090743671038
988  2.7560787726123923
989  4.310126257647446
990  2.166535386323881
991  2.7560787726123923
992  3.5273158428654066
993  6.575578097290417
994  1.0152338944686061
995  7.890221481928473
996  2.366741190028149
997  6.575578097290417
998  0.2538490309013345
999  1.504192684609918
