0  1.267275819109706
1  1.5909219884058563
2  0.9486785125168227
3  1.3821799321444064
4  0.5379750585269852
5  3.04030284388337
6  0.41165132664879933
7  0.018786966355799142
8  0.3956514032853753
9  1.7649243908821515
10  0.7757158248876361
11  1.2100837363609558
12  1.1663222239721642
13  9.890273802238216
14  3.1136255229723657
15  3.1136255229723657
16  0.3621153892590104
17  1.8229418900390013
18  3.9411872911840957
19  5.9220667457432565
20  0.02198695102848395
21  1.4789639771384013
22  0.1404024405308627
23  0.5898267773164838
24  2.468491783007143
25  0.2538490309013345
26  6.946291049153537
27  0.8162154527220519
28  2.0853825770046472
29  7.664677023914126
30  0.7212766894050029
31  2.969495736336312
32  7.4677366110042245
33  2.8745663530304526
34  4.55975573352463
35  0.7064733523596404
36  3.5273158428654066
37  1.0212024242600743
38  4.152862571153763
39  2.1125965044510275
40  2.258863426282441
41  0.9096592634437655
42  1.4465668848897022
43  3.730817028823395
44  2.13014509633412
45  1.0064158647369055
46  4.9117887822338835
47  1.8645224883854543
48  0.02198695102848395
49  0.7757158248876361
50  3.3504352105805477
51  0.08892663490589306
52  0.5898267773164838
53  0.37268920143426926
54  0.07449229685087237
55  4.59235996427367
56  0.8783148296384005
57  5.771953921018955
58  1.3659322372190759
59  0.8115071950189294
60  2.205380879905847
61  0.9096592634437655
62  1.2835350485815455
63  0.9508747294944454
64  0.13714677381796364
65  3.730817028823395
66  3.5821037509212426
67  0.14334178377476292
68  1.5968690383813104
69  3.2295325844871785
70  1.6653127026028147
71  9.903186759823583
72  1.9087143098115176
73  0.37268920143426926
74  0.018786966355799142
75  0.5323756833767006
76  0.28573588331000255
77  0.3073691546677263
78  2.366741190028149
79  5.74066208081344
80  5.563619137470355
81  1.2088963744032424
82  1.3885222942944278
83  5.14734826590547
84  0.3073691546677263
85  2.8745663530304526
86  2.695122626544353
87  0.3749516109799257
88  8.865710761637878
89  2.969648700151949
90  3.265446369908588
91  1.292882905582754
92  1.4522227039501043
93  2.741382056392892
94  1.5968690383813104
95  3.3906096428480472
96  1.52022001071345
97  2.205380879905847
98  1.4726239415588416
99  0.07449229685087237
100  0.02198695102848395
101  0.7757158248876361
102  6.577411377468334
103  1.6653127026028147
104  0.3749516109799257
105  1.0152338944686061
106  5.183932668877852
107  3.621521302303438
108  0.2538490309013345
109  0.1404024405308627
110  2.1582398846564743
111  0.13714677381796364
112  2.8625950912233162
113  1.3659322372190759
114  3.1136255229723657
115  1.2806464557038542
116  0.37268920143426926
117  3.2225624988810146
118  0.9486785125168227
119  1.0543196801799772
120  2.0853825770046472
121  7.682217112346027
122  2.982112236415242
123  4.709881591958801
124  2.1125965044510275
125  1.4823431077365532
126  4.55975573352463
127  0.7212766894050029
128  3.520059163100814
129  3.1580579068687666
130  0.37268920143426926
131  1.4035846425308232
132  2.695122626544353
133  3.30743342994509
134  3.3906096428480472
135  0.8548722647165241
136  0.8548722647165241
137  0.2753113484830997
138  3.3275271424533983
139  0.6457201340270919
140  3.520059163100814
141  3.2225624988810146
142  0.01987218859343216
143  2.0818204911315075
144  0.5022045292240431
145  1.9087143098115176
146  1.8169737452785601
147  0.5378380775950418
148  4.59235996427367
149  1.5012147481496805
150  4.967352814534225
151  2.166535386323881
152  0.5323756833767006
153  2.605820922265331
154  4.3868736156858645
155  1.267275819109706
156  3.9753788328220385
157  4.2932791595268265
158  2.070222185122925
159  8.772356605800393
160  0.1404024405308627
161  7.369369596960566
162  1.6653127026028147
163  0.9345537394074556
164  0.5378380775950418
165  4.106064294479108
166  0.018786966355799142
167  2.258863426282441
168  1.3659322372190759
169  0.1332483346702743
170  1.805036300664597
171  0.7064733523596404
172  1.292882905582754
173  5.5766475797873545
174  2.109864062135132
175  0.14334178377476292
176  2.4506076734487525
177  2.5727981709821646
178  0.8115071950189294
179  0.15294173779281733
180  0.13959262197542965
181  3.7926144349166826
182  0.13959262197542965
183  2.350520897842926
184  2.5521685935901592
185  0.32755605287670353
186  0.1404024405308627
187  3.2225624988810146
188  0.6530576784994899
189  0.7981157175964299
190  1.9087143098115176
191  2.962341433864135
192  3.2388142898810997
193  1.805036300664597
194  3.2060282589501523
195  0.5446164259419429
196  1.4035846425308232
197  0.2456885358578395
198  1.3659322372190759
199  0.5022045292240431
200  0.8115071950189294
201  0.9096592634437655
202  1.9555523020269945
203  2.1286944714597773
204  0.41165132664879933
205  0.3956514032853753
206  0.9369831950737548
207  6.8766101000152124
208  3.270535726406876
209  1.4007884980603433
210  2.0924950012085333
211  2.9240145606911465
212  4.462930424673556
213  2.1582398846564743
214  2.166535386323881
215  7.682217112346027
216  0.7757158248876361
217  1.6653127026028147
218  3.2295325844871785
219  0.7981157175964299
220  1.1663222239721642
221  3.549782083793075
222  0.6530576784994899
223  1.5464017928588674
224  0.1332483346702743
225  5.084142064053234
226  5.378581418076201
227  1.4522227039501043
228  0.3749516109799257
229  4.1859605345615725
230  2.773174543431364
231  0.3803777221680908
232  0.9877753084771351
233  0.6102999338057606
234  1.292882905582754
235  0.3621153892590104
236  4.0892036465432
237  1.3659322372190759
238  1.5012147481496805
239  0.15294173779281733
240  0.33244774919163556
241  0.8783148296384005
242  0.5378380775950418
243  1.52022001071345
244  1.091639017269129
245  1.5968690383813104
246  5.378581418076201
247  2.8625950912233162
248  0.02198695102848395
249  3.7141434731979768
250  0.5446164259419429
251  2.661742591044642
252  1.4789639771384013
253  0.07449229685087237
254  1.0543196801799772
255  1.3230309087208991
256  4.675188363084916
257  4.878527762282246
258  2.459984604388567
259  1.4823431077365532
260  5.74066208081344
261  2.459984604388567
262  0.3621153892590104
263  3.3275271424533983
264  19.50993181586471
265  0.7981157175964299
266  0.1332483346702743
267  2.381416278972945
268  0.37268920143426926
269  1.0212024242600743
270  0.5792376622059409
271  2.9338183353889913
272  0.6457201340270919
273  2.969648700151949
274  4.3868736156858645
275  1.5012147481496805
276  2.2910550676135992
277  4.172429356413491
278  1.091639017269129
279  1.2835350485815455
280  1.5270072393504193
281  0.9096592634437655
282  0.7212766894050029
283  0.018786966355799142
284  0.9877753084771351
285  1.0379324975249535
286  0.2464426723730583
287  0.02198695102848395
288  0.01987218859343216
289  0.7212766894050029
290  4.851648639794157
291  0.07857254437261985
292  5.799752907206834
293  0.15294173779281733
294  2.962341433864135
295  1.0152338944686061
296  1.4522227039501043
297  3.6603040522123163
298  1.4007884980603433
299  0.5446164259419429
300  1.9555523020269945
301  2.8625950912233162
302  0.9283935706625194
303  4.6728497993174205
304  1.3885222942944278
305  2.0545085200398012
306  6.83165761293077
307  1.4465668848897022
308  2.4506076734487525
309  0.2538490309013345
310  1.2806464557038542
311  0.3956514032853753
312  0.41165132664879933
313  0.8162154527220519
314  0.5022045292240431
315  0.2464426723730583
316  0.6102999338057606
317  0.5446164259419429
318  0.13714677381796364
319  1.9066804612371682
320  2.754428734434698
321  0.6274446691023476
322  2.9240145606911465
323  1.0212024242600743
324  2.215300499789902
325  0.6312153516784417
326  0.7212766894050029
327  0.3803777221680908
328  1.7281053074027797
329  0.018786966355799142
330  1.4789639771384013
331  1.8645224883854543
332  2.8745663530304526
333  3.1861041567052784
334  1.2088963744032424
335  0.9369831950737548
336  5.772931154341759
337  2.166535386323881
338  0.6457201340270919
339  3.2225624988810146
340  0.2456885358578395
341  3.6981750486494147
342  2.548351355028405
343  1.0139458837620228
344  2.13014509633412
345  0.6102999338057606
346  7.62804710535907
347  1.5968690383813104
348  0.7064733523596404
349  0.7757158248876361
350  0.02198695102848395
351  0.13714677381796364
352  2.969648700151949
353  3.2130454166473936
354  0.3073691546677263
355  6.018915516910526
356  2.9989103618660957
357  1.2806464557038542
358  3.0846340383490314
359  0.3956514032853753
360  0.4712294794400469
361  2.013799836742061
362  0.08892663490589306
363  8.841243211353712
364  2.982112236415242
365  0.3956514032853753
366  0.02198695102848395
367  0.2538490309013345
368  2.0545085200398012
369  1.52022001071345
370  0.3073691546677263
371  1.2835350485815455
372  1.5270072393504193
373  0.02198695102848395
374  4.5782362397594385
375  0.1404024405308627
376  1.4007884980603433
377  0.5446164259419429
378  5.860552706101492
379  1.0212024242600743
380  2.8661779196190134
381  0.018786966355799142
382  4.9117887822338835
383  5.100133836227897
384  0.7064733523596404
385  1.3885222942944278
386  1.2186633745419395
387  1.9066804612371682
388  2.787203099744745
389  2.704287937878046
390  0.5811410917601039
391  1.3659322372190759
392  0.6274446691023476
393  1.3821799321444064
394  0.1332483346702743
395  3.6603040522123163
396  1.5511356674135048
397  1.0543196801799772
398  2.567843550766852
399  1.9499600130860348
400  0.7322014778416852
401  1.0064158647369055
402  0.4712294794400469
403  3.2130454166473936
404  0.41165132664879933
405  1.8169737452785601
406  1.7281053074027797
407  4.035235141857721
408  1.5464017928588674
409  1.0212024242600743
410  0.2538490309013345
411  1.4035846425308232
412  0.8783148296384005
413  0.9345537394074556
414  9.258162958504773
415  0.8548722647165241
416  4.310537200443276
417  0.9345537394074556
418  16.033509865668186
419  1.2100837363609558
420  0.26502770224345606
421  4.106064294479108
422  2.773174543431364
423  1.4823431077365532
424  0.5379750585269852
425  0.08892663490589306
426  0.07857254437261985
427  0.7981157175964299
428  1.5012147481496805
429  3.5924530654313522
430  1.8169737452785601
431  4.468572153236803
432  1.4007884980603433
433  1.6775419433901446
434  3.817544038817468
435  0.07857254437261985
436  1.0379324975249535
437  0.5379750585269852
438  2.7240377029892127
439  0.8548722647165241
440  2.013799836742061
441  0.41165132664879933
442  1.2835350485815455
443  0.14334178377476292
444  5.086155538751752
445  1.9555523020269945
446  0.7397980335051164
447  3.6981750486494147
448  2.7560787726123923
449  0.1404024405308627
450  1.062618786393167
451  0.9283935706625194
452  0.37268920143426926
453  2.0545085200398012
454  0.3073691546677263
455  0.6009350043649757
456  1.504192684609918
457  3.39521841508753
458  0.6102999338057606
459  3.0846340383490314
460  0.2456885358578395
461  1.5270072393504193
462  0.2753113484830997
463  0.41165132664879933
464  1.3659322372190759
465  0.02198695102848395
466  2.638073218271455
467  0.7397980335051164
468  2.3442930291744455
469  1.2806464557038542
470  1.0099549388620745
471  2.381416278972945
472  0.9096592634437655
473  0.5378380775950418
474  0.9508747294944454
475  0.5792376622059409
476  3.1580579068687666
477  0.07449229685087237
478  3.0846340383490314
479  0.1332483346702743
480  3.2130454166473936
481  1.7281053074027797
482  6.557291851496921
483  7.5309706579726425
484  0.07449229685087237
485  0.13959262197542965
486  2.5206212566257493
487  1.9555523020269945
488  4.350574569857338
489  2.969648700151949
490  9.406607329099286
491  0.9283935706625194
492  0.7064733523596404
493  1.6653127026028147
494  0.3803777221680908
495  0.9345537394074556
496  7.586671507361935
497  0.7064733523596404
498  2.661742591044642
499  3.3906096428480472
500  0.6009350043649757
501  0.6009350043649757
502  1.3659322372190759
503  0.1332483346702743
504  2.5521685935901592
505  4.5782362397594385
506  10.24781918450922
507  0.5898267773164838
508  1.6653127026028147
509  0.4712294794400469
510  5.987867401345056
511  1.8229418900390013
512  0.9345537394074556
513  0.6009350043649757
514  2.605820922265331
515  3.315081358578092
516  6.464324250426175
517  2.288396354643287
518  0.3621153892590104
519  2.4506076734487525
520  0.2456885358578395
521  2.0818204911315075
522  0.5323756833767006
523  0.07449229685087237
524  0.6530576784994899
525  0.7397980335051164
526  1.4035846425308232
527  2.13014509633412
528  0.02198695102848395
529  2.288396354643287
530  3.834792896334317
531  3.520059163100814
532  5.45305438964638
533  1.504192684609918
534  1.5012147481496805
535  0.5898267773164838
536  1.0139458837620228
537  2.661742591044642
538  6.741981199733197
539  1.9191090743671038
540  1.267275819109706
541  1.8229418900390013
542  0.3803777221680908
543  0.8162154527220519
544  1.3659322372190759
545  0.33244774919163556
546  0.02198695102848395
547  1.805036300664597
548  0.3073691546677263
549  10.502052951520106
550  0.018786966355799142
551  0.6457201340270919
552  0.8783148296384005
553  3.2225624988810146
554  1.9555523020269945
555  2.13014509633412
556  2.529334885604106
557  0.5811410917601039
558  0.13959262197542965
559  4.961516768184619
560  2.0853825770046472
561  4.65447814217314
562  1.4007884980603433
563  0.7981157175964299
564  3.04030284388337
565  1.5639112344594535
566  2.5206212566257493
567  6.969389273455095
568  0.07857254437261985
569  0.3621153892590104
570  0.07449229685087237
571  0.6530576784994899
572  4.464440729357072
573  1.5511356674135048
574  1.267275819109706
575  3.3906096428480472
576  3.371929575851194
577  1.6426924410722223
578  0.07857254437261985
579  1.9543089057666365
580  0.018786966355799142
581  0.6009350043649757
582  1.504192684609918
583  0.7212766894050029
584  1.9066804612371682
585  2.109864062135132
586  5.34530101549882
587  0.32755605287670353
588  0.33244774919163556
589  1.0099549388620745
590  12.98091231753076
591  0.5022045292240431
592  2.365571908144401
593  6.603182634617543
594  1.3230309087208991
595  0.6457201340270919
596  1.9191090743671038
597  2.468491783007143
598  4.035235141857721
599  0.7981157175964299
600  0.15294173779281733
601  0.02198695102848395
602  0.26502770224345606
603  1.2806464557038542
604  0.07449229685087237
605  0.6274446691023476
606  5.926168546810363
607  2.432492692732894
608  1.0212024242600743
609  0.018786966355799142
610  1.2088963744032424
611  5.399258141288632
612  0.6274446691023476
613  2.0818204911315075
614  1.6775419433901446
615  1.4007884980603433
616  2.773174543431364
617  2.567843550766852
618  2.1286944714597773
619  1.52022001071345
620  2.638073218271455
621  5.973354058200171
622  2.5206212566257493
623  0.6312153516784417
624  4.8388283190354375
625  0.5446164259419429
626  0.5811410917601039
627  1.3659322372190759
628  3.270535726406876
629  1.7281053074027797
630  1.4035846425308232
631  4.537533569499437
632  0.4712294794400469
633  5.378581418076201
634  0.9508747294944454
635  0.7064733523596404
636  0.7397980335051164
637  6.523065968368237
638  0.6009350043649757
639  0.5379750585269852
640  3.6603040522123163
641  0.14334178377476292
642  0.7757158248876361
643  1.0152338944686061
644  2.7240377029892127
645  8.767100219565764
646  0.7397980335051164
647  5.479348953114089
648  0.5446164259419429
649  3.270535726406876
650  0.7322014778416852
651  2.741382056392892
652  1.4726239415588416
653  1.312334910635709
654  1.52022001071345
655  0.4712294794400469
656  2.7240377029892127
657  0.6102999338057606
658  2.5252857928269403
659  3.786490549201922
660  1.8645224883854543
661  6.44432108574639
662  3.3504352105805477
663  0.5022045292240431
664  0.5378380775950418
665  0.13959262197542965
666  1.9543089057666365
667  2.787203099744745
668  1.1014224098989929
669  1.2088963744032424
670  0.7757158248876361
671  0.6530576784994899
672  1.18535508588763
673  1.5270072393504193
674  0.37268920143426926
675  0.018786966355799142
676  0.2538490309013345
677  0.1404024405308627
678  12.58445265219836
679  3.3504352105805477
680  1.7194429285117536
681  0.13714677381796364
682  0.08892663490589306
683  3.621521302303438
684  1.5968690383813104
685  1.9896311196876892
686  4.3868736156858645
687  0.14334178377476292
688  2.638073218271455
689  1.0152338944686061
690  5.66987973813435
691  0.41165132664879933
692  0.8162154527220519
693  1.0212024242600743
694  2.8745663530304526
695  0.3621153892590104
696  6.002195995134214
697  4.919431099244476
698  0.41165132664879933
699  1.504192684609918
700  1.2186633745419395
701  4.796808162714919
702  2.365571908144401
703  1.4823431077365532
704  4.196577756937079
705  4.350319499090218
706  2.468491783007143
707  3.5924530654313522
708  1.5909219884058563
709  3.1959244795451314
710  1.9543089057666365
711  5.4046655252230185
712  0.7757158248876361
713  0.2538490309013345
714  1.6653127026028147
715  0.5378380775950418
716  1.062618786393167
717  2.166535386323881
718  0.6274446691023476
719  0.2456885358578395
720  1.9555523020269945
721  0.6009350043649757
722  1.9229159334754298
723  2.969495736336312
724  0.7397980335051164
725  4.967352814534225
726  0.2538490309013345
727  1.0099549388620745
728  2.1983027316555095
729  0.8548722647165241
730  0.5378380775950418
731  0.1404024405308627
732  1.0139458837620228
733  0.3621153892590104
734  1.9499600130860348
735  1.0099549388620745
736  2.8745663530304526
737  3.7676156401211416
738  8.70863511774403
739  0.6312153516784417
740  0.28573588331000255
741  0.13959262197542965
742  0.1404024405308627
743  1.312334910635709
744  0.4712294794400469
745  0.41165132664879933
746  0.1332483346702743
747  0.2464426723730583
748  0.02198695102848395
749  1.4465668848897022
750  0.7397980335051164
751  0.37268920143426926
752  0.1332483346702743
753  4.7145298749353675
754  0.33244774919163556
755  2.5252857928269403
756  1.6653127026028147
757  2.109864062135132
758  2.567843550766852
759  7.538212026609806
760  1.292882905582754
761  1.267275819109706
762  1.292882905582754
763  0.8162154527220519
764  4.1768095758738175
765  0.5811410917601039
766  1.9555523020269945
767  2.787203099744745
768  0.2538490309013345
769  10.82735449208328
770  1.5968690383813104
771  2.109864062135132
772  0.8783148296384005
773  0.3749516109799257
774  3.7634273135709195
775  0.3803777221680908
776  2.258863426282441
777  1.805036300664597
778  0.6274446691023476
779  3.9411872911840957
780  0.018786966355799142
781  0.3956514032853753
782  2.787203099744745
783  1.9543089057666365
784  2.9338183353889913
785  0.5446164259419429
786  0.28573588331000255
787  1.0543196801799772
788  3.621521302303438
789  3.940465956035511
790  1.0543196801799772
791  1.0379324975249535
792  2.468491783007143
793  0.5811410917601039
794  0.7397980335051164
795  9.322476616088409
796  5.561774036020698
797  1.9191090743671038
798  0.3749516109799257
799  0.9508747294944454
800  0.3073691546677263
801  7.560879507690166
802  0.8548722647165241
803  2.8745663530304526
804  5.563619137470355
805  5.396187756421183
806  4.1768095758738175
807  0.9369831950737548
808  1.6653127026028147
809  1.8385353517123764
810  0.9877753084771351
811  0.9369831950737548
812  3.0846340383490314
813  2.982112236415242
814  1.5270072393504193
815  1.8169737452785601
816  2.0818204911315075
817  3.04030284388337
818  3.7676156401211416
819  0.9345537394074556
820  4.919431099244476
821  0.5446164259419429
822  5.973354058200171
823  1.9896311196876892
824  0.3621153892590104
825  1.0099549388620745
826  1.9543089057666365
827  0.3956514032853753
828  1.312334910635709
829  4.72256166311792
830  5.973354058200171
831  1.5464017928588674
832  0.5898267773164838
833  1.18535508588763
834  1.062618786393167
835  0.26502770224345606
836  3.7141434731979768
837  5.12981916314606
838  0.6457201340270919
839  0.018786966355799142
840  3.315081358578092
841  0.9369831950737548
842  0.07857254437261985
843  1.9543089057666365
844  1.2100837363609558
845  2.1582398846564743
846  2.070222185122925
847  1.18535508588763
848  0.01987218859343216
849  0.6009350043649757
850  0.28573588331000255
851  2.1125965044510275
852  4.7945561326226915
853  2.638073218271455
854  0.6457201340270919
855  0.01987218859343216
856  1.3659322372190759
857  4.152862571153763
858  0.8115071950189294
859  1.091639017269129
860  2.109864062135132
861  0.5792376622059409
862  1.5639112344594535
863  0.6102999338057606
864  0.6274446691023476
865  0.6009350043649757
866  2.787203099744745
867  2.741382056392892
868  0.07857254437261985
869  0.6457201340270919
870  0.07857254437261985
871  0.08892663490589306
872  1.6426924410722223
873  0.3956514032853753
874  2.432492692732894
875  1.1014224098989929
876  0.07857254437261985
877  0.2456885358578395
878  0.7981157175964299
879  0.8115071950189294
880  1.4823431077365532
881  2.013799836742061
882  1.091639017269129
883  0.2753113484830997
884  0.7757158248876361
885  1.3659322372190759
886  1.3885222942944278
887  0.7064733523596404
888  0.6530576784994899
889  3.5273158428654066
890  1.9191090743671038
891  0.28573588331000255
892  4.7945561326226915
893  1.2835350485815455
894  2.8625950912233162
895  3.998840198727037
896  1.8169737452785601
897  3.1136255229723657
898  0.13959262197542965
899  1.4007884980603433
900  1.292882905582754
901  1.0379324975249535
902  1.6426924410722223
903  1.2186633745419395
904  3.7344785182386797
905  2.548351355028405
906  6.1012912748849395
907  2.013799836742061
908  0.01987218859343216
909  3.5735215322131655
910  5.6207181901692795
911  0.9508747294944454
912  0.3621153892590104
913  1.5511356674135048
914  0.2456885358578395
915  1.4726239415588416
916  5.648110116640195
917  1.6653127026028147
918  0.9369831950737548
919  1.1014224098989929
920  0.6102999338057606
921  1.8169737452785601
922  2.0818204911315075
923  3.466108492724815
924  0.6530576784994899
925  1.0099549388620745
926  1.4465668848897022
927  0.07449229685087237
928  0.2456885358578395
929  1.2835350485815455
930  0.33244774919163556
931  6.911585728666978
932  0.5898267773164838
933  0.9369831950737548
934  11.61707409203203
935  3.2225624988810146
936  1.5639112344594535
937  1.5639112344594535
938  2.0853825770046472
939  1.0212024242600743
940  1.3230309087208991
941  0.9345537394074556
942  0.7212766894050029
943  1.0379324975249535
944  0.41165132664879933
945  3.1861041567052784
946  0.9486785125168227
947  2.5521685935901592
948  0.3073691546677263
949  1.5639112344594535
950  0.5792376622059409
951  1.4007884980603433
952  5.867196383702611
953  0.37268920143426926
954  0.07449229685087237
955  4.25582705227058
956  2.0853825770046472
957  0.02198695102848395
958  1.0152338944686061
959  1.2088963744032424
960  1.0139458837620228
961  0.5446164259419429
962  5.771953921018955
963  5.800775574190816
964  1.6426924410722223
965  8.17035183778391
966  0.6530576784994899
967  1.18535508588763
968  9.654653401742882
969  5.396187756421183
970  0.3621153892590104
971  2.3442930291744455
972  1.3821799321444064
973  2.3442930291744455
974  3.7676156401211416
975  1.5968690383813104
976  1.7194429285117536
977  3.3275271424533983
978  4.310537200443276
979  0.8162154527220519
980  2.459984604388567
981  0.5378380775950418
982  0.33244774919163556
983  1.062618786393167
984  0.5792376622059409
985  1.3885222942944278
986  1.2088963744032424
987  0.4712294794400469
988  1.3821799321444064
989  6.786420923795557
990  3.6981750486494147
991  4.675188363084916
992  2.962341433864135
993  1.4007884980603433
994  1.3821799321444064
995  1.4789639771384013
996  0.26502770224345606
997  1.7649243908821515
998  2.350520897842926
999  3.1861041567052784
