0 2.92
1 3.48
2 2.96
3 3.12
4 3.08
5 2.84
6 3.2
7 3.16
8 3.04
9 2.96
10 3.12
11 3.2
12 3.28
13 3.04
14 2.8
15 3.04
16 3.12
17 3.2
18 2.84
19 3.28
20 2.96
21 3.16
22 3.2
23 2.84
24 3.08
25 3.08
26 2.84
27 3.2
28 3.0
29 2.88
30 3.24
31 3.16
32 3.2
33 3.08
34 3.04
35 2.96
36 3.36
37 3.04
38 3.32
39 3.24
40 3.32
41 3.0
42 3.04
43 2.96
44 3.0
45 3.08
46 3.2
47 3.32
48 3.0
49 3.24
50 3.2
51 3.08
52 3.2
53 3.12
54 3.2
55 3.0
56 3.2
57 3.24
58 3.16
59 3.36
60 3.0
61 3.08
62 3.28
63 2.96
64 3.28
65 3.04
66 2.8
67 3.2
68 2.84
69 3.0
70 3.24
71 3.36
72 2.88
73 3.24
74 3.16
75 3.12
76 3.24
77 3.0
78 3.12
79 3.28
80 2.8
81 3.24
82 3.12
83 3.08
84 3.12
85 3.2
86 3.32
87 2.88
88 3.28
89 3.16
90 3.04
91 2.96
92 3.12
93 3.2
94 3.04
95 3.12
96 2.92
97 3.36
98 3.36
99 3.12
