1 11590
2 52695
3 12858
4 22972
5 48802
6 7883
7 462
8 11724
9 1259
10 1616
11 10820
12 4478
13 2346
14 5587
15 20921
16 14338
17 5150
18 21385
19 40391
20 585
21 9798
22 592
23 3689
24 28260
25 20512
26 6977
27 20320
28 22615
29 13320
30 32437
31 2978
32 8616
33 28554
34 11911
35 3520
36 46077
37 36902
38 4935
39 7390
40 46313
41 2743
42 2522
43 849
44 11927
45 2045
46 11958
47 39988
48 12180
49 3298
50 7074
51 4850
52 1609
53 9108
54 9313
55 21589
56 17016
57 35628
58 703
59 5286
60 7026
61 12425
62 14064
63 16742
64 9802
65 19153
66 24060
67 6761
68 10302
69 17249
70 28080
71 4128
72 31593
73 30533
74 840
75 12670
76 657
77 1994
78 10854
79 28180
80 85327
81 51676
82 993
83 2050
84 8863
85 3116
86 57080
87 11758
88 28955
89 23879
90 4896
91 4471
92 8867
93 15870
94 9134
95 70
96 973
97 5406
98 5564
99 4281
100 11723
101 34156
102 30081
103 40870
104 5373
105 1364
106 7672
107 38795
108 4768
109 8069
110 45296
111 5562
112 26519
113 3488
114 821
115 26272
116 13300
117 9721
118 684
119 10351
120 4448
121 302
122 7009
123 2654
124 5030
125 8214
126 5934
127 9637
128 110
129 7302
130 28064
131 27630
132 6407
133 13292
134 5954
135 22442
136 32945
137 3294
138 25999
139 9278
140 36653
141 24480
142 14985
143 17841
144 289
145 49971
146 6491
147 15417
148 25816
149 26290
150 3424
151 13316
152 16419
153 42495
154 14939
155 23036
156 12382
157 3176
158 11683
159 6557
160 97573
