1 3552
2 567
3 180
4 1778
5 1726
6 938
7 2731
8 1848
9 144
10 2159
11 9577
12 8686
13 1485
14 3579
15 8674
16 204
17 11156
18 4235
19 3470
20 386
21 1242
22 40
23 868
24 3834
25 1584
26 1110
27 16713
28 121
29 9463
30 27789
31 2567
32 1683
33 353
34 16
35 1251
36 67
37 70
38 727
39 466
40 398
41 1750
42 553
43 591
44 1424
45 5712
46 1460
47 3576
48 1934
49 1484
50 76
51 1703
52 377
53 1555
54 173
55 411
56 1797
57 5500
58 2065
59 21
60 19052
61 5182
62 2483
63 4148
64 14240
65 12008
66 8156
67 12141
68 8002
69 6681
70 12515
71 2125
72 5076
73 433
74 8300
75 13785
76 4247
77 1104
78 4077
79 316
80 14026
81 375
82 9209
83 795
84 18035
85 4676
86 322
87 6378
88 3735
89 6139
90 21366
91 18190
92 11840
93 9725
94 3202
95 3871
96 671
97 105
98 3395
99 10513
100 44
101 9392
102 3268
103 1767
104 24526
105 5670
106 9468
107 147
108 122
109 6856
110 1387
111 18965
112 67
113 51
114 1671
115 2790
116 1438
117 5321
118 11453
119 22554
120 12220
121 17129
122 3788
123 5463
124 25959
125 1114
126 17920
127 738
128 10976
129 548
130 15532
131 5432
132 707
133 765
134 4122
135 1351
136 4679
137 16179
138 943
139 2440
140 2063
141 15056
142 3400
143 3094
144 7299
145 6501
146 2202
147 4352
148 8940
149 1589
150 65
151 13274
152 4891
153 118
154 10326
155 25155
156 6839
157 102
158 11145
159 618
160 830
161 4824
162 3239
163 125
164 1896
165 2407
166 508
167 150
168 263
169 1152
170 517
171 1719
172 3927
173 98
174 77
175 6122
176 25631
177 8435
178 164
179 393
180 557
181 5678
182 7916
183 847
184 7366
185 8350
186 8676
187 6881
188 4751
189 6501
190 4576
191 4843
192 5760
193 3688
194 280
195 1183
196 9829
197 14903
198 1158
199 15301
200 14712
201 27912
202 9327
203 105
204 4050
205 10257
206 685
207 3617
208 14913
209 12262
210 5202
211 2223
212 779
213 10092
214 2143
215 24776
216 8749
217 17272
218 21527
219 7118
220 9065
221 100
222 6047
223 330
224 9772
225 9780
226 1215
227 16251
228 4664
229 3481
230 537
231 2279
232 224
233 2262
234 3198
235 8604
236 83
237 1697
238 13248
239 666
240 6567
241 21441
242 105
243 17900
244 489
245 759
246 1370
247 160
248 1658
249 1314
250 1975
251 731
252 19316
253 7915
254 3851
255 12610
256 5966
257 10780
258 1028
259 1755
260 2433
261 738
262 24331
263 18627
264 155
265 612
266 3278
267 6737
268 5167
269 6518
270 3434
271 363
272 634
273 12576
274 3307
275 3922
276 6165
277 7497
278 1841
279 26969
280 18592
281 317
282 716
283 583
284 1322
285 1541
286 54
287 38179
288 20992
289 12936
290 1305
291 384
292 5019
293 22347
294 132
295 2461
296 2124
297 1446
298 1989
299 384
300 475
301 541
302 76
303 14066
304 64
305 323
306 5361
307 897
308 287
309 260
310 336
311 2845
312 587
313 9147
314 10719
315 395
316 460
317 909
318 18155
319 12368
320 23554
321 4066
322 5198
323 3781
324 1861
325 9682
326 2509
327 4027
328 6099
329 32138
330 23228
331 107
332 5040
333 384
334 550
335 728
336 9365
337 607
338 8546
339 952
340 1394
341 1342
342 486
343 3780
344 3288
345 301
346 2184
347 787
348 373
349 4240
350 232
351 10896
352 11147
353 9074
354 6761
355 2034
356 1856
357 2072
358 2831
359 8129
360 212
361 19554
362 1943
363 4028
364 1284
365 2801
366 3565
367 1978
368 6636
369 7349
370 3061
371 7397
372 4205
373 1376
374 165
375 6188
376 6319
377 17794
378 4186
379 8758
380 1740
381 316
382 2807
383 12202
384 1525
385 6668
386 11120
387 2279
388 26001
389 12764
390 4009
391 581
392 6500
393 18014
394 17910
395 569
396 7266
397 13
398 3972
399 1659
400 3129
401 6440
402 19012
403 5465
404 30609
405 9436
406 2249
407 3889
408 866
409 16844
410 8797
411 1882
412 10326
413 2498
414 3049
415 6292
416 1270
417 9880
418 3924
419 3663
420 5795
421 2371
422 17800
423 1169
424 6521
425 67
426 46
427 7838
428 3619
429 3609
430 3515
431 466
432 9361
433 2461
434 153
435 159
436 230
437 186
438 62
439 217
440 375
441 155
442 1969
443 2961
444 9148
445 22716
446 397
447 676
448 2812
449 934
450 2814
451 761
452 872
